//UVA//

//Ad_Hoc
11172,488,494,591,10038,10082,10970,11150,11727,11764,12468,12461,
10055,10071,10327,10469,10700,10931,11462,11799,11942,11984,11936,
12279,

//Simple_math
575,579,10035,10346,10696,10783,11185,11219,11332,11470,
11556,11547,11677,11805,913,900,10018,10079,10019,10110,
10370,10783,11044,11364,11461,11556,11636,11689,11650,
11715,11777,11877,11875,11879,11824,12032,12459,

//String_Ad_Hoc
272,483,458,621,10008,10062,10260,10922,11192,11716,11734,
11743,1124,10282,10222,10424,11362,11917,11965,12289,12250,
12243,12372,12403,12405,12416,

//Simulation
371,694,100,10050,11530,11608,299,11900,12019,

//Number_Theory
369,382,392,530,10490,11388,11417,

//Hangzhou Dianzi University(HDU)//

//Ad_hoc
1000,1001,1040,1089,1090,1091,1092,1093,1095,1096,

//String_ad_hoc//
1161

//Simple_math//
1042,